-3.825070926299828589e+00 1.281097958915981807e-07
-3.464677254075247070e+00 1.972148541504627597e-07
-3.069665671997965362e+00 3.019446535200672778e-07
-2.643983005222642291e+00 4.597751589020939700e-07
-2.191882534243733804e+00 6.962963203433718039e-07
-1.717881497522698364e+00 1.048752803707226580e-06
-1.226715956734524049e+00 1.571023232375762522e-06
-7.232934756050410918e-01 2.340574762361480009e-06
-2.126440851563659862e-01 3.468110018484870468e-06
3.001299747004023133e-01 5.110856087237848658e-06
8.099052350597616412e-01 7.490742636413315861e-06
1.311588190029480128e+00 1.091909231500618796e-05
1.800166189357820246e+00 1.582991698148484454e-05
2.270757523177925119e+00 2.282449485288488952e-05
2.718660198439093900e+00 3.273061380107505057e-05
3.139398919667038435e+00 4.668072180539297621e-05
3.528769804636967766e+00 6.621424227594018171e-05
3.882882388175178612e+00 9.341050117172891554e-05
4.198198494401026437e+00 1.310600799778097300e-04
4.471567589010735588e+00 1.828839498746876987e-04
4.700258258374767628e+00 2.538114411314625215e-04
4.881985500919932441e+00 3.503299240536518738e-04
5.014933558109761158e+00 4.809209681036481603e-04
5.097774056903591422e+00 6.565996218065939596e-04
5.129679282420902986e+00 8.915752040315741075e-04
5.110330448194797093e+00 1.204053467780723512e-03
5.039920881380981932e+00 1.617201002469861090e-03
4.919154091096753945e+00 2.160293051370990990e-03
4.749236739190445533e+00 2.870065269896289982e-03
4.531866583675092208e+00 3.792288035746724587e-03
4.269215515291572949e+00 4.983578415959327539e-03
3.963907856694283360e+00 6.513459459017786543e-03
3.618994141086646188e+00 8.466668780409495818e-03
3.237920632301686030e+00 1.094570814810589057e-02
2.824494890873013198e+00 1.407361271513563744e-02
2.382847730148615728e+00 1.799690255464615751e-02
1.917391942569325991e+00 2.288866023390595875e-02
1.432778208505394391e+00 2.895165650523205680e-02
9.338486281955667989e-01 3.642142220484551052e-02
4.255883410821240109e-01 4.556913880601451416e-02
-8.692428405459155794e-02 5.670419372894487664e-02
-5.985683904783818399e-01 7.017622072700720193e-02
-1.104231799404933767e+00 8.637642200531446546e-02
-1.598862089202335079e+00 1.057379490129859989e-01
-2.077517077517948785e+00 1.287351051323536166e-01
-2.535414201930846101e+00 1.558811279503859448e-01
-2.967978305734573219e+00 1.877243136468824403e-01
-3.370887351390590148e+00 2.248422633610465682e-01
-3.740115604898711865e+00 2.678340630125837785e-01
-4.071973859600533707e+00 3.173102553038524842e-01
-4.363146297512839666e+00 3.738805262162462895e-01
-4.610723619884807611e+00 4.381391081098607310e-01
-4.812232115949474753e+00 5.106479964288842543e-01
-4.965658379424023217e+00 5.919181847915682138e-01
-5.069469425799798756e+00 6.823892405230547187e-01
-5.122628009416778205e+00 7.824076649343078005e-01
-5.124602987279352817e+00 8.922046042565549007e-01
-5.075374626061563532e+00 1.011873591618097867e+00
-4.975434799275961772e+00 1.141349100696373409e+00
-4.825782072636074282e+00 1.280386770335998348e+00
-4.627911726717881535e+00 1.428546209313091619e+00
-4.383800816610552431e+00 1.585177305025704531e+00
-4.095888417835531037e+00 1.749410933839298021e+00
-3.767051255910198293e+00 1.920154900405908638e+00
-3.400574963057412692e+00 2.096095816887072250e+00
-3.000121249254391387e+00 2.275707471463871201e+00
-2.569691315637040230e+00 2.457266032293730973e+00
-2.113585875820857662e+00 2.638872194379485059e+00
-1.636362184592091706e+00 2.818480111469694016e+00
-1.142788503324304816e+00 2.993932674237734126e+00
-6.377964570869391059e-01 3.163002412541546349e+00
-1.264317594778392451e-01 3.323437027669811972e+00
3.861962024791619208e-01 3.473008314649320472e+00
8.949654196404833728e-01 3.609563028965578013e+00
1.394792438165010307e+00 3.731074099113613318e+00
1.880683151704473088e+00 3.835690496707959252e+00
2.347782700863284777e+00 3.921784056923837802e+00
2.791423981348851058e+00 3.987991597727158499e+00
3.207174276134884483e+00 4.033250816631518632e+00
3.590879545704642961e+00 4.056828644447853627e+00
3.938705933840671580e+00 4.058340998542996125e+00
4.247178074248847857e+00 4.037763191785983530e+00
4.513213815269553564e+00 3.995430602969812561e+00
4.734155015718224391e+00 3.932029583265737482e+00
4.907794104153420101e+00 3.848578943275963837e+00
5.032396136200959269e+00 3.746402718503236251e+00
5.106716129544577321e+00 3.627095230551565574e+00
5.130011503377705395e+00 3.492479732102098389e+00
5.102049498025430729e+00 3.344562133515027735e+00
5.023109500602225275e+00 3.185481449149816235e+00
4.893980253468241948e+00 3.017458667467402655e+00
4.715951973376390605e+00 2.842745740073885585e+00
4.490803460053033547e+00 2.663576304473919798e+00
4.220784323019088902e+00 2.482119610450466585e+00
3.908592504235327780e+00 2.300438920770203843e+00
3.557347321158151221e+00 2.120455415755650108e+00
3.170558299550660042e+00 1.943918362075214290e+00
2.752090107461292234e+00 1.772382023384401650e+00
2.306123940738196154e+00 1.607189508430788782e+00
1.837115745902467179e+00 1.449463484064840380e+00
1.349751697803425188e+00 1.300103437687390562e+00
8.489013769085237415e-01 1.159788965168343955e+00
3.395691140650217155e-01 1.028988392764007553e+00
-1.731560111195925011e-01 9.079719188959489706e-01
-6.841510186788489767e-01 7.968283850062408691e-01
-1.188310215409726034e+00 6.954847527687761932e-01
-1.680596209271379760e+00 6.037273742662131459e-01
-2.156090241341240610e+00 5.212241871740749266e-01
-2.610041332428279848e+00 4.475470421348114458e-01
-3.037913753286654917e+00 3.821934672359114660e-01
-3.435432344122979043e+00 3.246072874679134523e-01
-3.798625230579776524e+00 2.741976380700572591e-01
-4.123863509391166637e+00 2.303560331816053020e-01
-4.407897507184760144e+00 1.924712694675422553e-01
-4.647889250143768969e+00 1.599420536877674548e-01
-4.841440820103258602e+00 1.321873399887115441e-01
-4.986618313755831977e+00 1.086544446440729783e-01
-5.081971165574221239e+00 8.882507180062843011e-02
-5.126546641382514480e+00 7.221943324278680409e-02
-5.119899357761131142e+00 5.839867887334292823e-02
-5.062095732170713624e+00 4.696587378863726486e-02
-4.953713319330825371e+00 3.756576426155647935e-02
-4.795835040484099032e+00 2.988357069785112230e-02
-4.590038363205149352e+00 2.364303290016758763e-02
-4.338379539866012991e+00 1.860391395400262313e-02
-4.043373062242147320e+00 1.455914581227271166e-02
-3.707966537541791840e+00 1.133177406351400761e-02
-3.335511236889096676e+00 8.771833020356953683e-03
-2.929728610530830224e+00 6.753256461544823210e-03
-2.494673104335661584e+00 5.170905101552322920e-03
-2.034691649111262546e+00 3.937769855561663000e-03
-1.554380227508581402e+00 2.982390658676530113e-03
-1.058537952482425437e+00 2.246514202606668658e-03
-5.521191161411910242e-01 1.683000498358994731e-03
-4.018368809778886941e-02 1.253977541404382784e-03
4.721532420741251790e-01 9.292353225229192226e-04
9.797725731243459579e-01 6.848447006289871096e-04
1.477602340493661570e+00 5.019829041671064127e-04
1.960668393707159840e+00 3.659453153548616433e-04
2.424144096441539276e+00 2.653223864066346269e-04
2.863398552679775388e+00 1.913207327815193604e-04
3.274042877093355397e+00 1.372083728823611829e-04
3.651974047333704565e+00 9.786550254744178369e-05
3.993415900075216740e+00 6.942391240278678966e-05
4.294956861190970088e+00 4.898002211181840719e-05
