# Instrument-source: 'DMC_PG_map_v1.instr'
# Date: Fri Mar 18 15 02 2022
# Ncount: 1000
# Numpoints: 91
# Param: theta_s = -90
# type: multiarray_1d(91)
# title: Scan of theta_s
# xlabel: 'theta_s'
# ylabel: 'Intensity'
# xvars: theta_s
# yvars: (psd_monitor_I,psd_monitor_ERR) (e_monitor_I,e_monitor_ERR) (monitor_nd_I,monitor_nd_ERR)
# xlimits: -90 90
# filename: mccode.dat
# variables: theta_s psd_monitor_I psd_monitor_ERR e_monitor_I e_monitor_ERR monitor_nd_I monitor_nd_ERR
-90 9.35716E+6 4909.74 8.59164E+6 4715.23 3344.03 89.702
-88 9.35716E+6 4909.74 8.59164E+6 4715.23 487.766 26.0274
-86 9.35716E+6 4909.74 8.59164E+6 4715.23 351.121 18.1861
-84 9.35716E+6 4909.74 8.59164E+6 4715.23 345.396 18.6127
-82 9.35716E+6 4909.74 8.59164E+6 4715.23 312.614 15.7399
-80 9.35716E+6 4909.74 8.59164E+6 4715.23 286.157 14.3267
-78 9.35716E+6 4909.74 8.59164E+6 4715.23 305.441 16.0323
-76 9.35716E+6 4909.74 8.59164E+6 4715.23 281.019 13.4565
-74 9.35716E+6 4909.74 8.59164E+6 4715.23 277.871 13.1633
-72 9.35716E+6 4909.74 8.59164E+6 4715.23 269.56 11.8943
-70 9.35716E+6 4909.74 8.59164E+6 4715.23 252.799 10.6611
-68 9.35716E+6 4909.74 8.59164E+6 4715.23 251.782 10.8615
-66 9.35716E+6 4909.74 8.59164E+6 4715.23 600.006 26.6019
-64 9.35716E+6 4909.74 8.59164E+6 4715.23 245.157 9.58237
-62 9.35716E+6 4909.74 8.59164E+6 4715.23 231.658 7.70998
-60 9.35716E+6 4909.74 8.59164E+6 4715.23 233.4 8.05568
-58 9.35716E+6 4909.74 8.59164E+6 4715.23 234.435 8.20837
-56 9.35716E+6 4909.74 8.59164E+6 4715.23 236.314 8.70808
-54 9.35716E+6 4909.74 8.59164E+6 4715.23 232.735 8.16784
-52 9.35716E+6 4909.74 8.59164E+6 4715.23 235.028 8.34241
-50 9.35716E+6 4909.74 8.59164E+6 4715.23 232.167 7.78849
-48 9.35716E+6 4909.74 8.59164E+6 4715.23 230.014 7.59675
-46 9.35716E+6 4909.74 8.59164E+6 4715.23 233.48 7.90006
-44 9.35716E+6 4909.74 8.59164E+6 4715.23 231.206 7.70418
-42 9.35716E+6 4909.74 8.59164E+6 4715.23 229.573 7.58954
-40 9.35716E+6 4909.74 8.59164E+6 4715.23 231.085 7.66596
-38 9.35716E+6 4909.74 8.59164E+6 4715.23 227.452 7.33645
-36 9.35716E+6 4909.74 8.59164E+6 4715.23 230.042 7.5527
-34 9.35716E+6 4909.74 8.59164E+6 4715.23 244.142 9.70458
-32 9.35716E+6 4909.74 8.59164E+6 4715.23 297.646 11.3966
-30 9.35716E+6 4909.74 8.59164E+6 4715.23 323.596 13.4714
-28 9.35716E+6 4909.74 8.59164E+6 4715.23 226.387 7.23935
-26 9.35716E+6 4909.74 8.59164E+6 4715.23 225.551 7.21116
-24 9.35716E+6 4909.74 8.59164E+6 4715.23 242.608 8.66782
-22 9.35716E+6 4909.74 8.59164E+6 4715.23 226.92 7.33692
-20 9.35716E+6 4909.74 8.59164E+6 4715.23 225.781 7.21483
-18 9.35716E+6 4909.74 8.59164E+6 4715.23 225.551 7.21117
-16 9.35716E+6 4909.74 8.59164E+6 4715.23 225.551 7.21117
-14 9.35716E+6 4909.74 8.59164E+6 4715.23 225.718 7.2131
-12 9.35716E+6 4909.74 8.59164E+6 4715.23 225.551 7.21117
-10 9.35716E+6 4909.74 8.59164E+6 4715.23 225.551 7.21117
-8 9.35716E+6 4909.74 8.59164E+6 4715.23 225.551 7.21117
-6 9.35716E+6 4909.74 8.59164E+6 4715.23 225.551 7.21117
-4 9.35716E+6 4909.74 8.59164E+6 4715.23 225.551 7.21117
-2 9.35716E+6 4909.74 8.59164E+6 4715.23 225.551 7.21117
0 9.35716E+6 4909.74 8.59164E+6 4715.23 225.551 7.21103
2 9.35716E+6 4909.74 8.59164E+6 4715.23 225.551 7.21101
4 9.35716E+6 4909.74 8.59164E+6 4715.23 225.551 7.21101
6 9.35716E+6 4909.74 8.59164E+6 4715.23 228.559 7.81309
8 9.35716E+6 4909.74 8.59164E+6 4715.23 225.551 7.21101
10 9.35716E+6 4909.74 8.59164E+6 4715.23 225.575 7.21105
12 9.35716E+6 4909.74 8.59164E+6 4715.23 225.551 7.21101
14 9.35716E+6 4909.74 8.59164E+6 4715.23 225.551 7.21101
16 9.35716E+6 4909.74 8.59164E+6 4715.23 225.551 7.21101
18 9.35716E+6 4909.74 8.59164E+6 4715.23 225.551 7.21101
20 9.35716E+6 4909.74 8.59164E+6 4715.23 225.551 7.21101
22 9.35716E+6 4909.74 8.59164E+6 4715.23 225.551 7.21101
24 9.35716E+6 4909.74 8.59164E+6 4715.23 225.551 7.21101
26 9.35716E+6 4909.74 8.59164E+6 4715.23 280.154 13.4185
28 9.35716E+6 4909.74 8.59164E+6 4715.23 225.551 7.21101
30 9.35716E+6 4909.74 8.59164E+6 4715.23 226.339 7.25391
32 9.35716E+6 4909.74 8.59164E+6 4715.23 226.805 7.31902
34 9.35716E+6 4909.74 8.59164E+6 4715.23 225.551 7.21101
36 9.35716E+6 4909.74 8.59164E+6 4715.23 225.57 7.21103
38 9.35716E+6 4909.74 8.59164E+6 4715.23 226.903 7.29867
40 9.35716E+6 4909.74 8.59164E+6 4715.23 227.763 7.31632
42 9.35716E+6 4909.74 8.59164E+6 4715.23 226.462 7.26457
44 9.35716E+6 4909.74 8.59164E+6 4715.23 228.672 7.40673
46 9.35716E+6 4909.74 8.59164E+6 4715.23 228.135 7.35341
48 9.35716E+6 4909.74 8.59164E+6 4715.23 229.065 7.58919
50 9.35716E+6 4909.74 8.59164E+6 4715.23 228.704 7.39621
52 9.35716E+6 4909.74 8.59164E+6 4715.23 231.469 7.59027
54 9.35716E+6 4909.74 8.59164E+6 4715.23 225.762 7.21396
56 9.35716E+6 4909.74 8.59164E+6 4715.23 392.178 13.4232
58 9.35716E+6 4909.74 8.59164E+6 4715.23 890.67 40.746
60 9.35716E+6 4909.74 8.59164E+6 4715.23 321.496 14.781
62 9.35716E+6 4909.74 8.59164E+6 4715.23 256.601 11.2581
64 9.35716E+6 4909.74 8.59164E+6 4715.23 302.886 13.3477
66 9.35716E+6 4909.74 8.59164E+6 4715.23 242.937 9.93337
68 9.35716E+6 4909.74 8.59164E+6 4715.23 259.06 12.3149
70 9.35716E+6 4909.74 8.59164E+6 4715.23 267.224 12.934
72 9.35716E+6 4909.74 8.59164E+6 4715.23 267.407 12.1874
74 9.35716E+6 4909.74 8.59164E+6 4715.23 271.705 13.0523
76 9.35716E+6 4909.74 8.59164E+6 4715.23 268.311 12.2312
78 9.35716E+6 4909.74 8.59164E+6 4715.23 280.817 12.8906
80 9.35716E+6 4909.74 8.59164E+6 4715.23 299.72 15.1192
82 9.35716E+6 4909.74 8.59164E+6 4715.23 303.489 15.5445
84 9.35716E+6 4909.74 8.59164E+6 4715.23 351.081 19.0296
86 9.35716E+6 4909.74 8.59164E+6 4715.23 399.373 21.6695
88 9.35716E+6 4909.74 8.59164E+6 4715.23 468.968 25.3873
90 9.35716E+6 4909.74 8.59164E+6 4715.23 3198.68 82.9843
