2.372373444334222814e+00 2.162714629780568831e+00
2.364431098207554705e+00 2.162714698885626952e+00
2.356481549613711035e+00 2.162714803615426451e+00
2.348524822768395026e+00 2.162714961445931561e+00
2.340560941909177295e+00 2.162715197967092884e+00
2.332589931295419916e+00 2.162715550423576438e+00
2.324611815208202259e+00 2.162716072694005121e+00
2.316626617950251710e+00 2.162716842245535176e+00
2.308634363845862403e+00 2.162717969780791005e+00
2.300635077240826831e+00 2.162719612526859958e+00
2.292628782502359019e+00 2.162721992413409122e+00
2.284615504019021692e+00 2.162725420763087936e+00
2.276595266200650780e+00 2.162730331587754407e+00
2.268568093478281256e+00 2.162737326165625529e+00
2.260534010304073416e+00 2.162747232284573773e+00
2.252493041151237829e+00 2.162761182392578085e+00
2.244445210513960731e+00 2.162780715913048546e+00
2.236390542907331636e+00 2.162807912171944569e+00
2.228329062867262511e+00 2.162845561750750711e+00
2.220260794950421612e+00 2.162897385620647484e+00
2.212185763734151323e+00 2.162968313111904184e+00
2.204103993816397544e+00 2.163064831594826209e+00
2.196015509815631983e+00 2.163195422638876320e+00
2.187920336370780650e+00 2.163371101292579368e+00
2.179818498141145700e+00 2.163606076874804440e+00
2.171710019806331271e+00 2.163918555138553579e+00
2.163594926066168433e+00 2.164331702673242486e+00
2.155473241640640136e+00 2.164874794722143836e+00
2.147344991269806158e+00 2.165584566940669031e+00
2.139210199713725835e+00 2.166506789706519331e+00
2.131068891752385674e+00 2.167698080086732038e+00
2.122921092185621195e+00 2.169227961129790661e+00
2.114766825833043651e+00 2.171181170451182307e+00
2.106606117533961875e+00 2.173660209818878641e+00
2.098438992147308557e+00 2.176788114385908468e+00
2.090265474551563862e+00 2.180711404225418981e+00
2.082085589644681267e+00 2.185603161904678515e+00
2.073899362344007180e+00 2.191666158176004853e+00
2.065706817586209887e+00 2.199135923875618293e+00
2.057507980327202279e+00 2.208283640476787379e+00
2.049302875542064140e+00 2.219418695399717478e+00
2.041091528224967533e+00 2.232890722397780081e+00
2.032873963389099981e+00 2.249090923676086984e+00
2.024650206066590297e+00 2.268452450683758670e+00
2.016420281308428208e+00 2.291449606803126482e+00
2.008184214184392857e+00 2.318595629621158505e+00
1.999942029782971975e+00 2.350438815317655195e+00
1.991693753211289275e+00 2.387556765031819239e+00
1.983439409595026293e+00 2.430548564683356449e+00
1.975179024078344225e+00 2.480024756974625433e+00
1.966912621823809770e+00 2.536595027887019071e+00
1.958640228012318518e+00 2.600853609780633402e+00
1.950361867843016350e+00 2.673362498099657092e+00
1.942077566533223942e+00 2.754632686462341162e+00
1.933787349318359494e+00 2.845103742193827223e+00
1.925491241451862789e+00 2.945122166605080416e+00
1.917189268205117703e+00 3.054919105927327738e+00
1.908881454867373595e+00 3.174588093288870816e+00
1.900567826745670486e+00 3.304063602367146135e+00
1.892248409164762224e+00 3.443101272006771296e+00
1.883923227467037442e+00 3.591260710983864346e+00
1.875592307012443172e+00 3.747891806696477257e+00
1.867255673178407571e+00 3.912125435510070748e+00
1.858913351359763322e+00 4.082869402076681808e+00
1.850565366968669689e+00 4.258810318557845420e+00
1.842211745434535031e+00 4.438421973134643927e+00
1.833852512203938634e+00 4.619980533964503699e+00
1.825487692740554557e+00 4.801586696050257785e+00
1.817117312525074357e+00 4.981194613140466743e+00
1.808741397055127598e+00 5.156647175908506853e+00
1.800359971845204576e+00 5.325716914212319075e+00
1.791973062426580832e+00 5.486151529340585142e+00
1.783580694347236983e+00 5.635722816320093642e+00
1.775182893171781240e+00 5.772277530636350740e+00
1.766779684481372348e+00 5.893788600784386489e+00
1.758371093873640989e+00 5.998404998378731534e+00
1.749957146962613841e+00 6.084498558594610529e+00
1.741537869378631198e+00 6.150706099397931226e+00
1.733113286768272365e+00 6.195965318302291358e+00
1.724683424794277720e+00 6.219543146118626353e+00
1.716248309135469219e+00 6.221055500213768852e+00
1.707807965486671353e+00 6.200477693456756256e+00
1.699362419558633874e+00 6.158145104640585288e+00
1.690911697077955411e+00 6.094744084936509765e+00
1.682455823787002425e+00 6.011293444946736564e+00
1.673994825443830825e+00 5.909117220174008978e+00
1.665528727822108923e+00 5.789809732222337857e+00
1.657057556711037938e+00 5.655194233772871115e+00
1.648581337915275613e+00 5.507276635185800018e+00
1.640100097254853173e+00 5.348195950820588962e+00
1.631613860565100271e+00 5.180173169138175382e+00
1.623122653696566164e+00 5.005460241744658312e+00
1.614626502514939999e+00 4.826290806144692525e+00
1.606125432900970873e+00 4.644834112121239755e+00
1.597619470750391679e+00 4.463153422440976570e+00
1.589108641973837388e+00 4.283169917426422835e+00
1.580592972496770221e+00 4.106632863745987017e+00
1.572072488259394607e+00 3.935096525055174155e+00
1.563547215216583686e+00 3.769904010101561731e+00
1.555017179337797151e+00 3.612177985735613106e+00
1.546482406607004867e+00 3.462817939358163066e+00
1.537942923022604047e+00 3.322503466839116903e+00
1.529398754597341981e+00 3.191702894434780280e+00
1.520849927358237874e+00 3.070686420566721697e+00
1.512296467346503137e+00 2.959542886677013485e+00
1.503738400617458781e+00 2.858199254439548920e+00
1.495175753240461036e+00 2.766441875936985983e+00
1.486608551298818304e+00 2.683938688844847764e+00
1.478036820889714553e+00 2.610261543805584061e+00
1.469460588124126055e+00 2.544907968906684026e+00
1.460879879126745440e+00 2.487321789138686068e+00
1.452294720035900433e+00 2.436912139740829986e+00
1.443705137003475025e+00 2.393070534852378195e+00
1.435111156194827986e+00 2.355185771138315065e+00
1.426512803788715589e+00 2.322656555358540320e+00
1.417910105977210566e+00 2.294901841659484187e+00
1.409303088965622175e+00 2.271368946314845871e+00
1.400691778972416923e+00 2.251539573471401212e+00
1.392076202229138415e+00 2.234933934913559739e+00
1.383456384980327858e+00 2.221113180544115551e+00
1.374832353483443015e+00 2.209680375459409873e+00
1.366204134008780047e+00 2.200280265932329282e+00
1.357571752839391133e+00 2.192598072368623807e+00
1.348935236271006977e+00 2.186357534570940508e+00
1.340294610611954429e+00 2.181318415624775131e+00
1.331649902183077883e+00 2.177273647483045416e+00
1.323001137317658671e+00 2.174046275734286660e+00
1.314348342361333799e+00 2.171486334691129727e+00
1.305691543672018673e+00 2.169467758132317403e+00
1.297030767619821612e+00 2.167885406772325219e+00
1.288366040586969241e+00 2.166652271526334328e+00
1.279697388967723448e+00 2.165696892329449064e+00
1.271024839168299669e+00 2.164961015873379413e+00
1.262348417606788731e+00 2.164397502169131737e+00
1.253668150713075358e+00 2.163968479212177165e+00
1.244984064928758238e+00 2.163643736993295708e+00
1.236296186707068534e+00 2.163399346371401855e+00
1.227604542512789720e+00 2.163216484574939980e+00
1.218909158822177874e+00 2.163080446986127559e+00
1.210210062122879071e+00 2.162979824057179368e+00
1.201507278913851007e+00 2.162905822403554446e+00
1.192800835705280393e+00 2.162851710043655284e+00
1.184090759018503247e+00 2.162812367173320371e+00
1.175377075385923620e+00 2.162783925583175559e+00
1.166659811350933218e+00 2.162763481692884682e+00
